FURN_6666;Pantallas de bloque acústico;;;1,000;16,000;54,000;0,000;;;;;1,00;1225,69;156,32;178,25;;;;;;
E-COM11;Armario con puertas;;;1,000;33,000;15,000;0,000;;;;;1,00;0,00;0,00;0,00;;;;;;
FURN_5555;Caja de administración de cables;;;1,000;90,000;0,000;0,000;;;;;1,00;0,00;0,00;0,00;;;;;;
False;Silla de conferencias;;;1,000;56,000;0,000;0,000;;;;;1,00;0,00;0,00;0,00;;;;;;
FURN_1118;Escritorio en L con asiento a la izquierda;;;1,000;2,000;0,000;0,000;;;;;1,00;0,00;0,00;0,00;;;;;;
E-COM06;Escritorio en L con asiento a la derecha;;;1,000;0,000;10,000;0,000;;;;;1,00;0,00;0,00;0,00;;;;;;
False;Escritorio personalizable;;;1,000;286,000;1,000;0,000;;;;;1,00;0,00;0,00;0,00;;;;;;
FURN_7800;Combinación de escritorio;;;1,000;60,000;0,000;0,000;;;;;1,00;0,00;0,00;0,00;;;;;;
FURN_7888;Soporte de escritorio con pantalla;;;1,000;0,000;0,000;0,000;;;;;1,00;0,00;0,00;0,00;;;;;;
FURN_8855;Cajón;;;1,000;80,000;5,000;0,000;;;;;1,00;0,00;0,00;0,00;;;;;;
FURN_8900;Cajón negro;;;1,000;0,000;0,000;0,000;;;;;1,00;0,00;0,00;0,00;;;;;;
FURN_9001;Rotafolio;;;1,000;0,000;0,000;0,000;;;;;1,00;0,00;0,00;0,00;;;;;;
FURN_8220;Escritorio para cuatro personas;;;1,000;0,000;0,000;0,000;;;;;1,00;0,00;0,00;0,00;;;;;;
FURN_0789;Lugar de trabajo individual;;;1,000;16,000;0,000;0,000;;;;;1,00;0,00;0,00;0,00;;;;;;
E-COM07;Gabinete grande;;;1,000;500,000;0,000;0,000;;;;;1,00;0,00;0,00;0,00;;;;;;
E-COM09;Escritorio grande;;;1,000;0,000;0,000;0,000;;;;;1,00;0,00;0,00;0,00;;;;;;
FURN_6741;Mesa grande para reuniones;;;1,000;0,000;3,000;0,000;;;;;1,00;0,00;0,00;0,00;;;;;;
FURN_7777;Silla de oficina;;;1,000;0,000;8,000;0,000;;;;;1,00;0,00;0,00;0,00;;;;;;
FURN_0269;Silla de oficina negra;;;1,000;10,000;27,000;0,000;;;;;1,00;0,00;0,00;0,00;;;;;;
FURN_9999;Software de diseño de oficina;;;1,000;0,000;0,000;0,000;;;;;1,00;0,00;0,00;0,00;;;;;;
FURN_8888;Lámpara de oficina;;;1,000;0,000;22,000;0,000;;;;;1,00;0,00;0,00;0,00;;;;;;
E-COM10;Cubo de basura con pedal;;;1,000;22,000;0,000;0,000;;;;;1,00;0,00;0,00;0,00;;;;;;
False;Taza de plástico (SUB);;;1,000;25,000;0,000;0,000;;;;;1,00;0,00;0,00;0,00;;;;;;
False;Prueba;;;1,000;0,000;0,000;0,000;;;;;1,00;0,00;0,00;0,00;;;;;;
False;Prueba 2;;;1,000;0,000;0,000;0,000;;;;;1,00;0,00;0,00;0,00;;;;;;
E-COM08;Caja de almacenamiento;;;1,000;19,000;0,000;0,000;;;;;1,00;0,00;0,00;0,00;;;;;;
FURN_8999;Sofá de tres asientos;;;1,000;0,000;1,000;0,000;;;;;1,00;0,00;0,00;0,00;;;;;;
